initial_coords = (40.629994, -8.653797) 
final_coords = (40.630446, -8.654048)  
stop_coords = (40.630271, -8.653977) 


coordenadas para o ISCA MAP: 40.630201, -8.653812